0.5075
1.3163485429781747
1.395793104205493
1.4770801980693449
1.5589329678918165
1.6379045245392603
1.7113516808216758
1.777037294574153
1.8339866999980472
1.8832053123381614
1.9256301280882786
1.9612108410631515
1.9907201964866095
2.014819373983878
2.034668950302253
2.051164280287047
2.064428419755815
2.0749226511638597
2.0831713570701504
2.0895999240616456
2.0945506710207225
2.0982977229351207
2.101060050586382
2.1030124615654207
2.1042946284489097
2.105018377324969
2.1052735039794985
2.105132380216709
2.1046535853467514
2.1038847625896944
2.1028648646952046
2.1016259210252555
2.100194430988387
2.098592466171926
2.0969039459051277
2.09508611529585
2.0931391653707028
2.0910752179199834
2.088904829743823
2.0866373013408324
2.0842809288740565
2.0818432103703977
2.079331014666911
2.0767746543503507
2.0742099247158077
2.071612026854557
2.0689665490781644
2.0663027740559605
2.0636298490801135
2.0609193970907866
2.0581741958707824
2.055412116841874
2.0526486016427783
2.0498900402979228
2.0471359391865716
2.0443666298158716
2.0415870564548326
2.0388020879423645
2.0360381925156887
2.033292999419924
2.030555561687268
2.027830303902843
2.0251475797992047
2.022519470341352
2.019915061302905
2.0174008260605185
2.0149518363119525
2.0125525629448346
2.0101846951652993
2.007850877412379
2.0055535129260886
2.0032947626389874
2.0010765464583162
1.998904182830354
1.9967999918625776
1.99473890451472
1.9927220219365387
1.9908121047937057
1.9889831775453353
1.9871968363287658
1.9854528087837249
1.9837514390556725
1.982092923561541
1.9804773221218697
1.9789045690423979
1.977374484022416
1.9759051936694159
1.9744788473512733
1.9731078272293203
1.9718180273295576
1.9705764125684744
1.969371628166367
1.9682207157257312
1.967105737475832
1.9660249627619704
1.964977667820903
1.9639941052266965
1.963086769984168
1.9622076005923186
1.961392325838968
1.9606140087498272
1.9598611485802868
1.9591331159217937
1.9584323326343458
1.9577672732664013
1.9571240517494244
1.9565346639816374
1.9559828310277738
1.9554501750989612
1.9549361350454193
1.9544401541319807
1.9539616813855405
1.9535027889665357
1.9530608982948212
1.9526389466847478
1.9522540799412826
1.9518835558401646
1.951526887455273
1.9511835993557025
1.9508532279915318
1.9505353220008812
1.9502365501392485
1.9499494909003223
1.94967719243999
1.9494156735617825
1.9491641184838309
1.9489284842620622
1.9487035316281898
1.9484873713983328
1.9482796765380235
1.9480801320930397
1.947892734628495
1.9477138773515332
1.9475421057771296
1.9473771539701301
1.9472187666776273
1.9470666990525267
1.946920716367298
1.9467805937196676
1.946652517152644
1.9465304722937724
1.946413484527368
1.9463053934914518
1.9462018767332296
1.9461027561443376
1.9460078747724328
1.9459170828334333
1.9458304845119876
1.945748196861438
1.9456730667130344
1.9456012431855034
1.9455333709079954
1.945469565272408
1.9454086960554702
1.945362353064486
1.9453201244574705
1.945280309653573
1.9452430047147642
1.9452091232480726
1.9451787681646697
1.9451504102646677
1.9451239555167472
1.9450993530052454
1.9450765538734152
1.9450555111706893
1.9450361797082019
1.9450185159225504
1.945002477747739
1.944988024495211
1.9449751167418474
1.9449637162257827
1.944955146097383
1.9449800361045364
1.9450057690818836
1.9450323094024662
1.9450596227339674
1.9450876759622844
1.9451164371203464
1.945145964722592
1.9451767569319236
1.9452081589371457
1.945240142770762
1.9452726813181709
1.9453057482747584
1.9453394202571213
1.9453739700033958
1.9454089503265706
1.9454443380317388
1.945480110614269
1.9455162462314581
1.9455529488569316
1.9455932511490739
1.945633734497013
1.9456743833904722
1.9457219499940144
1.945792548522663
1.9458625385908164
1.9459319168928415
1.9460006807409764
1.9460688280309772
1.9461363572093506
1.9462032672420986
1.946269557584917
1.946335228154778
1.9464008042527294
1.9464659234232058
1.9465304307375282
1.9465943268941945
1.9466576129639785
1.946720290367331
1.9467823608528212
1.946843826476587
1.9469046895827447
1.9469649527847077
1.9470246189473903
1.9470836911702363
1.9471421727710585
1.9472012785972816
1.9472599712937464
1.9473180708309632
1.9473755810147515
1.9474325058158837
1.9474888493578346
1.947544615905074
1.9475998098518916
1.9476544357117276
1.947708498106992
1.947762001759354
1.9478149514804846
1.9478673669491515
1.9479197603765912
1.947972730412535
1.9480253712654736
1.9480774135796823
1.9481288646166603
1.9481797316160487
1.9482304366952088
1.9482811319581652
1.9483312415706378
1.9483807728078182
1.9484297329167795
1.9484781291123232
1.9485259685730711
1.9485732584377997
1.9486200058020051
1.9486662177146912
1.9487119011753726
1.9487570631312852
1.9488017104747917
1.9488462600246108
1.948890309665396
1.948933852008684
1.9489768940155119
1.9490194425756655
1.9490615045061803
1.9491030865499983
1.9491443520652896
1.9491853247337674
1.9492258276604604
1.9492658674624108
1.9493054506776388
1.9493446961596868
1.949384227293445
1.9494232983943822
1.94946191616136
1.9495000872026924
1.9495378180359877
1.9495751150880813
1.9496119846950606
1.9496484331023778
1.9496844664650361
1.9497200908478625
1.9497553122258386
1.9497901994793865
1.9498247470951284
1.9498591261299547
1.9498932446496184
1.9499270295974245
1.949960430378693
1.9499934527291
1.9500261022907797
1.9500583846132877
1.9500903051545897
1.9501218692820845
1.9501530822736435
1.9501839493186777
1.9502145871691612
1.9502451606958908
1.9502753942558702
1.950305292854436
1.9503348614119085
1.950364104764748
1.9503930406275622
1.9504216702758268
1.950449987440898
1.9504779966913077
1.9505057025154844
1.95053310932302
1.95056022144593
1.9505870431399126
1.9506137894222606
1.9506402510003966
1.9506664273411294
1.9506923226179582
1.95071794092805
1.9507432862936367
1.9507683626633945
1.950793173913812
1.950817723850531
1.9508420162096802
1.950866054659189
1.9508898428000756
1.950913384167732
1.9509366822331742
1.9509597404042887
1.9509825620270493
1.951005150386722
1.9510275087090485
1.9510496401614146
1.951071547853993
1.9510934778017657
1.951115211572719
1.9511367217889666
1.9511580115856662
1.95117908403988
1.951199942171765
1.9512205889457437
1.9512410272716523
1.9512612600058719
1.9512812899524323
1.9513011198640982
1.9513207524434326
1.9513401903438459
1.9513594361706152
1.9513784924818898
1.951397361789677
1.9514160465608037
1.951434549217866
1.95145287214015
1.9514710176645444
1.9514889880864286
1.9515067856605401
1.9515244126018318
1.951541871086306
1.9515593817593282
1.9515768304893901
1.9515941087378885
1.9516112187114703
1.951628162578072
1.9516449424677353
1.9516615618711126
1.9516784129580214
1.9516950960384123
1.9517116133156036
1.9517279669544194
1.9517441590819815
1.9517601917884932
1.9517760671280036
1.9517917871191526
1.951807353745903
1.951822768958258
1.951838034672961
1.9518531527741794
1.9518681251141776
1.9518829535139712
1.9518977967061255
1.9519125100355672
1.9519270812655296
1.9519415121567913
1.9519558044409964
1.9519699598212423
1.9519839799726555
1.9519978665429643
1.952011621153042
1.9520252453974551
1.9520387408449886
1.9520521090391634
1.952065351498744
1.9520784697182327
1.952091465168354
1.9521043392965276
1.9521170935273353
1.9521297292629678
1.9521422478836745
1.9521547047238548
1.952167060273589
1.9521793000749508
1.9521914255124064
1.9522034379477247
1.9522153387204566
1.9522271291484032
1.9522388105280732
1.9522503841351253
1.9522618512248082
1.9522732130323805
1.9522844707735283
1.9522956256447694
1.952306678823846
1.9523176314701154
1.9523284847249203
1.9523392397119608
1.9523498975376523
1.9523604592914756
1.9523709260463193
1.9523812988588118
1.9523915787696522
1.9524017668039226
1.9524118639714059
1.9524218712668826
1.952431789670434
1.9524416201477264
1.9524513636502974
1.9524610211158313
1.9524705934684272
1.9524800816188668
1.9524894864648668
1.952498808891334
1.9525080497706102
1.9525172099627108
1.9525262903155605
1.9525352989628806
1.9525442382644536
1.9525531000082605
1.952561884996216
1.9525705940192966
1.9525792278577478
1.952587787281276
1.9525962730492454
1.9526046859108646
1.952613026605369
1.9526212958622045
1.9526294944012017
1.9526376229327462
1.9526456821579508
1.952653672768817
1.952661610475958
1.9526694918624878
1.9526773253138299
1.9526850920463046
1.9526927927189386
1.9527004279824474
1.952707998479378
1.9527155048442466
1.952722947703674
1.952730328912555
1.9527376480086003
1.9527449054088875
1.95275210171003
1.9527592375013803
1.952766313365151
1.9527733298765326
1.952780287603805
1.9527871871084512
1.9527940289452663
1.9528008136624646
1.9528075418017834
1.952814213898588
1.9528208304819696
1.9528273920748458
1.9528338991940564
1.9528403523504583
1.9528467520490176
1.952853098788902
1.9528593930635656
1.9528656353608418
1.9528718261630231
1.9528779659469484
1.952884055184085
1.9528900943406062
1.952896083877472
1.9529020242505069
1.9529079159104743
1.952913759303151
1.9529195548694016
1.952925303045246
1.9529310042619354
1.9529366589460142
1.9529422675193926
1.9529478385767012
1.95295337783095
1.9529588718138862
1.952964320936025
1.9529697256034495
1.952975086217874
1.9529804031767046
1.952985676873097
1.9529909076960217
1.952996096030314
1.9530012422567358
1.9530063467520298
1.9530114098889726
1.9530164320364307
1.9530214135594128
1.9530263548191211
1.9530312561730003
1.9530361179747913
1.9530409405745772
1.9530457243188328
1.953050469550471
1.9530551766088902
1.9530598458300203
1.9530644775463668
1.953069096857006
1.953073685911693
1.953078238480848
1.9530827543105058
1.9530872337236145
1.953091677039865
1.9530960845757372
1.9531004566445345
1.9531047935564267
1.9531090956184887
1.9531133631347373
1.9531175964061709
1.9531217957308042
1.9531259614037066
1.9531300937170366
1.9531341929600778
1.9531382594192745
1.9531422933782647
1.9531462951179117
1.9531502649163426
1.9531543638862436
1.953158501460769
1.9531626064228171
1.953166679049597
1.9531707196156685
1.953174728392976
1.9531787056508738
1.9531826516561592
1.9531865666731028
1.9531904509634712
1.9531943047865639
1.9531981283992355
1.953201922055923
1.9532056860086786
1.9532094205071895
1.953213125798809
1.953216802128581
1.9532204497392647
1.9532240690010332
1.953227660390204
1.9532312237613627
1.9532347593487458
1.95323826738442
1.953241748098303
1.9532452017181918
1.9532486284697823
1.953252028576692
1.9532554022604847
1.9532587497406921
1.9532620712348348
1.9532653669584419
1.953268637125077
1.9532718819463566
1.9532751016319696
1.9532782963897
1.9532814664254456
1.9532846119432379
1.953287733145263
1.953290830231879
1.9532939034016374
1.9532969528512987
1.9532999787758558
1.9533029813685476
1.9533059608208785
1.9533089173226386
1.9533118510619187
1.9533147622251283
1.953317650997014
1.9533205175606745
1.9533233620975792
1.9533261847875842
1.9533289858089478
1.9533317653383484
1.9533345235508977
1.9533372606201604
1.953339976718165
1.9533426720154239
1.953345346680945
1.9533480008822488
1.953350634785381
1.9533532485549308
1.9533558423540416
1.953358416344427
1.9533609706863855
1.953363505538813
1.9533660210592168
1.9533685174037303
1.9533709947271263
1.9533734531828286
1.953375892922927
1.9533783140981893
1.9533807168580752
1.9533831013507479
1.9533854677230857
1.9533878161206986
1.953390146687934
1.953392459567895
1.9533947549024495
1.9533970328322412
1.953399293496703
1.9534015370340683
1.9534037635813826
1.9534059732745128
1.953408166248161
1.953410342635875
1.9534125025700573
1.953414646181979
1.9534167736017871
1.9534188849585186
1.9534209803801077
1.9534230599933988
1.9534251239241542
1.9534271722970673
1.9534292052357696
1.9534312228628425
1.953433225299826
1.9534352126672303
1.9534371850845411
1.9534391426702353
1.9534410855417854
1.9534430138156702
1.9534449276073844
1.953446827031448
1.9534487122014144
1.9534505832298799
1.953452440228492
1.9534542833079587
1.9534561125780565
1.9534579281476392
1.9534597301246475
1.9534615186161144
1.953463293728177
1.9534650555660815
1.953466804234194
1.9534685398360068
1.9534702624741465
1.953471972250383
1.9534736692656356
1.953475353619981
1.9534770254126637
1.953478684742099
1.953480331705884
1.953481966400803
1.9534835889228352
1.9534851993671634
1.9534867978281794
1.9534883843994912
1.9534899591739316
1.9534915222435627
1.9534930736996854
1.9534946136328437
1.953496142132834
1.9534976592887097
1.9534991651887887
1.9535006599206588
1.9535021435711872
1.9535036162265231
1.953505077972107
1.9535065288926752
1.9535079690722659
1.9535093985942285
1.9535108175412252
1.9535122259952395
1.9535136240375828
1.9535150117488989
1.953516389209169
1.9535177564977209
1.9535191136932315
1.9535204608737358
1.9535217981166266
1.9535231254986676
1.9535244430959933
1.9535257509841173
1.9535270492379373
1.9535283379317385
1.9535296171392025
1.9535308869334094
1.9535321473868443
1.9535333985714038
1.9535346405583978
1.9535358734185575
1.9535370972220394
1.9535383120384313
1.9535395179367538
1.9535407149854709
1.9535419032524888
1.9535430828051654
1.953544253710312
1.953545416034201
1.9535465698425662
1.9535477152006118
1.9535488521730155
1.9535499808239305
1.9535511012169948
1.9535522134153311
1.9535533174815543
1.953554413477774
1.953555501465601
1.9535565815061477
1.9535576536600376
1.9535587179874039
1.9535597745478988
1.9535608234006943
1.9535618646044874
1.9535628982175044
1.9535639242975038
1.9535649429017814
1.953565955206755
1.9535669603234493
1.9535679581101812
1.9535689486227745
1.953569931916603
1.9535709080465977
1.953571877067248
1.9535728390326061
1.9535737939962912
1.9535747429162462
1.95357568540059
1.9535766210167014
1.9535775498168406
1.953578471852847
1.9535793871761462
1.9535802958377497
1.9535811978882618
1.953582093377883
1.9535829823564104
1.953583864873243
1.9535847409773859
1.953585610717453
1.95358647414167
1.953587331297876
1.9535881822335313
1.9535890269957161
1.9535898656311357
1.9535906981861246
1.9535915247066467
1.9535923452383017
1.953593159826326
1.953593968515596
1.953594771350633
1.9535955683756037
1.9535963596343242
1.9535971451702636
1.953597925026546
1.9535986992459526
1.9535994678709283
1.9536002309435798
1.9536009885056815
1.9536017405986772
1.9536024872636812
1.9536032285414864
1.9536039644725611
1.9536046950970538
1.9536054204684548
1.9536061408487415
1.9536068560370512
1.9536075660723273
1.9536082709932054
1.9536089708380182
1.9536096656447943
1.953610355451266
1.9536110402948665
1.9536117202127354
1.9536123952417217
1.9536130654183836
1.953613730778992
1.953614391359535
1.9536150471957165
1.9536156983229624
1.9536163447764188
1.9536169865909578
1.9536176238011798
1.9536182564414108
1.9536188845457112
1.9536195081478755
1.9536201272814315
1.9536207419796472
1.9536213522755301
1.9536219582018302
1.9536225597910417
1.9536231570754057
1.9536237500869127
1.953624338857302
1.9536249234180687
1.9536255038004595
1.9536260800354799
1.9536266521538943
1.9536272201862264
1.9536277841627652
1.9536283441135622
1.9536289000684368
1.953629452056976
1.9536300001085392
1.953630544252256
1.9536310845170306
1.953631620931545
1.9536321535242573
1.9536326823234051
1.95363320735701
1.9536337286528742
1.953634246238587
1.9536347601415218
1.953635270388844
1.9536357770075066
1.9536362800242566
1.953636779465632
1.9536372753579696
1.9536377677273997
1.9536382565998551
1.9536387420010655
1.9536392239565636
1.9536397024916872
1.9536401776315773
1.9536406494011818
1.9536411178252582
1.953641582928372
1.9536420447349025
1.9536425032690392
1.9536429585547876
1.9536434106159686
1.9536438594762218
1.9536443051590024
1.9536447476875909
1.9536451870850842
1.9536456233744064
1.9536460565783051
1.953646486719353
1.953646913819951
1.9536473379023283
1.9536477589885464
1.953648177100496
1.9536485922599018
1.9536490044883223
1.953649413807152
1.9536498202376225
1.953650223800803
1.953650624517603
1.9536510224087726
1.953651417494904
1.9536518097964315
1.953652199333636
1.9536525861266443
1.9536529701954282
1.9536533515598102
1.9536537315129234
1.9536541088322956
1.953654483483269
1.9536548554853674
1.9536552248579664
1.953655591620293
1.953655955791426
1.9536563180407511
1.9536566777667652
1.9536570349463727
1.9536573895982272
1.953657741740841
1.9536580913925832
1.9536584385716826
1.9536587832962296
1.9536591255841755
1.9536594654533352
1.9536598029213863
1.9536601380058718
1.953660470724202
1.9536608010936534
1.9536611291313704
1.9536614548543683
1.953661778279531
1.9536620994236145
1.9536624183032476
1.9536627349349325
1.9536630493350453
1.9536633615198378
1.9536636715054385
1.9536639793078538
1.9536642849429677
1.9536645884265442
1.9536648897742268
1.9536651890015415
1.9536654861238965
1.9536657811565816
1.9536660741147733
1.9536663650135313
1.9536666538678014
1.9536669406924176
1.9536672255020995
1.9536675083114579
1.9536677891349916
1.9536680679870906
1.9536683448820356
1.9536686198339996
1.9536688928570494
1.953669163965144
1.9536694331721396
1.9536697004917858
1.9536699659377303
1.9536702295235162
1.9536704912625857
1.9536707511682798
1.9536710092538396
1.9536712655324053
1.9536715200170192
1.9536717727206259
1.9536720236560723
1.9536722728361087
1.9536725202733896
1.9536727659804751
1.9536730099698314
1.95367325225383
1.953673492844751
1.953673731754781
1.9536739689960165
1.9536742045804638
1.9536744385200375
1.9536746708265655
1.953674901511786
1.9536751305873485
1.9536753580648172
1.9536755839556696
1.953675808271296
1.953676031023003
1.9536762522220135
1.9536764718794652
1.9536766900064135
1.953676906613831
1.9536771217654718
1.9536773355054284
1.95367754775592
1.9536777585276264
1.9536779678311484
1.9536781756770074
1.9536783820756474
1.9536785870374334
1.953678790572654
1.953678992691522
1.9536791934236488
1.9536793927900427
1.953679590769533
1.9536797873720386
1.9536799826074074
1.9536801764854113
1.9536803690157512
1.953680560208057
1.9536807500718851
1.9536809386167224
1.9536811258519844
1.9536813117870186
1.9536814964311013
1.9536816797934426
1.9536818618831813
1.9536820427093915
1.9536822222810784
1.9536824006071811
1.953682577696573
1.9536827535580614
1.9536829282003896
1.9536831016322345
1.9536832738622112
1.9536834448988694
1.9536836147506973
1.953683783426119
1.953683950933498
1.9536841172811341
1.9536842824772698
1.953684446530082
1.9536846094476907
1.9536847712381564
1.9536849319094778
1.953685091469598
1.9536852499263986
1.9536854072877055
1.9536855635612858
1.9536857187548504
1.9536858728760533
1.953686025932493
1.9536861779317112
1.953686328881195
1.9536864787883759
1.9536866276606322
1.9536867755052867
1.9536869223296107
1.9536870681408192
1.9536872129460772
1.9536873567524957
1.9536874995671343
1.9536876413970015
1.9536877822490535
1.9536879221301962
1.9536880610472855
1.953688199007126
1.9536883360164736
1.953688472082036
1.9536886072104687
1.9536887414083832
1.9536888746823384
1.9536890070388484
1.9536891384843775
